time1 = {0.002467, Null}
time2 = {0.00002, Null}
time3 = {0.00013, Null}
time4 = {0.000103, Null}
mytmp3 = 0
