time1 = {0.001679, Null}
time2 = {0.000018, Null}
time3 = {0.000103, Null}
time4 = {0.000077, Null}
mytmp3 = 0
