time1 = {0.001621, Null}
time2 = {0.000023, Null}
time3 = {0.000147, Null}
time4 = {0.000108, Null}
mytmp3 = 0
