time1 = {0.001694, Null}
time2 = {0.000018, Null}
time3 = {0.000113, Null}
time4 = {0.000106, Null}
mytmp3 = 0
