time1 = {0.001667, Null}
time2 = {0.000027, Null}
time3 = {0.000164, Null}
time4 = {0.000102, Null}
mytmp3 = 0
