time1 = {0.002124, Null}
time2 = {0.000015, Null}
time3 = {0.000139, Null}
time4 = {0.000106, Null}
mytmp3 = 0
