time1 = {0.004326, Null}
time2 = {0.000022, Null}
time3 = {0.000119, Null}
time4 = {0.000083, Null}
mytmp3 = 0
