time1 = {0.003214, Null}
time2 = {0.00002, Null}
time3 = {0.000223, Null}
time4 = {0.000112, Null}
mytmp3 = 0
