time1 = {0.003744, Null}
time2 = {0.000022, Null}
time3 = {0.000113, Null}
time4 = {0.00009, Null}
mytmp3 = 0
