time1 = {0.002392, Null}
time2 = {0.000017, Null}
time3 = {0.000192, Null}
time4 = {0.000085, Null}
mytmp3 = 0
