time1 = {0.002443, Null}
time2 = {0.000017, Null}
time3 = {0.000117, Null}
time4 = {0.000095, Null}
mytmp3 = 0
