time1 = {0.00173, Null}
time2 = {0.000016, Null}
time3 = {0.000099, Null}
time4 = {0.000077, Null}
mytmp3 = 0
