time1 = {0.001642, Null}
time2 = {0.000012, Null}
time3 = {0.000098, Null}
time4 = {0.00012, Null}
mytmp3 = 0
