time1 = {0.002178, Null}
time2 = {0.00002, Null}
time3 = {0.00015, Null}
time4 = {0.000095, Null}
mytmp3 = 0
