time1 = {0.00166, Null}
time2 = {0.000013, Null}
time3 = {0.000098, Null}
time4 = {0.00009, Null}
mytmp3 = 0
