time1 = {0.001778, Null}
time2 = {0.000017, Null}
time3 = {0.000139, Null}
time4 = {0.000114, Null}
mytmp3 = 0
