time1 = {0.001625, Null}
time2 = {0.000012, Null}
time3 = {0.000091, Null}
time4 = {0.000078, Null}
mytmp3 = 0
