time1 = {0.001611, Null}
time2 = {0.000014, Null}
time3 = {0.000104, Null}
time4 = {0.000087, Null}
mytmp3 = 0
