time1 = {0.001638, Null}
time2 = {0.000014, Null}
time3 = {0.000109, Null}
time4 = {0.000075, Null}
mytmp3 = 0
