time1 = {0.003613, Null}
time2 = {0.000021, Null}
time3 = {0.00012, Null}
time4 = {0.000094, Null}
mytmp3 = 0
