time1 = {0.002799, Null}
time2 = {0.000019, Null}
time3 = {0.000127, Null}
time4 = {0.000088, Null}
mytmp3 = 0
