time1 = {0.0017, Null}
time2 = {0.000015, Null}
time3 = {0.000104, Null}
time4 = {0.00008, Null}
mytmp3 = 0
