time1 = {0.003874, Null}
time2 = {0.00002, Null}
time3 = {0.00014, Null}
time4 = {0.000094, Null}
mytmp3 = 0
