time1 = {0.004061, Null}
time2 = {0.000021, Null}
time3 = {0.000123, Null}
time4 = {0.000092, Null}
mytmp3 = 0
