time1 = {0.001717, Null}
time2 = {0.00002, Null}
time3 = {0.000126, Null}
time4 = {0.000086, Null}
mytmp3 = 0
