time1 = {0.001558, Null}
time2 = {0.000012, Null}
time3 = {0.00009, Null}
time4 = {0.000068, Null}
mytmp3 = 0
