time1 = {0.003698, Null}
time2 = {0.00002, Null}
time3 = {0.000113, Null}
time4 = {0.000078, Null}
mytmp3 = 0
