time1 = {0.00166, Null}
time2 = {0.000022, Null}
time3 = {0.000104, Null}
time4 = {0.000082, Null}
mytmp3 = 0
