time1 = {0.002531, Null}
time2 = {0.000018, Null}
time3 = {0.000225, Null}
time4 = {0.000109, Null}
mytmp3 = 0
