time1 = {0.003553, Null}
time2 = {0.000016, Null}
time3 = {0.000112, Null}
time4 = {0.000075, Null}
mytmp3 = 0
