time1 = {0.003954, Null}
time2 = {0.000025, Null}
time3 = {0.000343, Null}
time4 = {0.00013, Null}
mytmp3 = 0
