time1 = {0.001587, Null}
time2 = {0.000014, Null}
time3 = {0.000098, Null}
time4 = {0.000078, Null}
mytmp3 = 0
