time1 = {0.001582, Null}
time2 = {0.000019, Null}
time3 = {0.000111, Null}
time4 = {0.000077, Null}
mytmp3 = 0
