time1 = {0.003671, Null}
time2 = {0.00002, Null}
time3 = {0.000141, Null}
time4 = {0.000096, Null}
mytmp3 = 0
