time1 = {0.001596, Null}
time2 = {0.000018, Null}
time3 = {0.0001, Null}
time4 = {0.000096, Null}
mytmp3 = 0
