time1 = {0.002793, Null}
time2 = {0.000021, Null}
time3 = {0.000267, Null}
time4 = {0.000098, Null}
mytmp3 = 0
