time1 = {0.003263, Null}
time2 = {0.000027, Null}
time3 = {0.000264, Null}
time4 = {0.00011, Null}
mytmp3 = 0
