time1 = {0.001716, Null}
time2 = {0.000015, Null}
time3 = {0.00012, Null}
time4 = {0.00008, Null}
mytmp3 = 0
