time1 = {0.001651, Null}
time2 = {0.000017, Null}
time3 = {0.000099, Null}
time4 = {0.000079, Null}
mytmp3 = 0
