time1 = {0.001665, Null}
time2 = {0.000016, Null}
time3 = {0.0001, Null}
time4 = {0.000076, Null}
mytmp3 = 0
