time1 = {0.001644, Null}
time2 = {0.000015, Null}
time3 = {0.000098, Null}
time4 = {0.0001, Null}
mytmp3 = 0
