time1 = {0.003596, Null}
time2 = {0.000023, Null}
time3 = {0.000126, Null}
time4 = {0.000094, Null}
mytmp3 = 0
