time1 = {0.00369, Null}
time2 = {0.000022, Null}
time3 = {0.000125, Null}
time4 = {0.000083, Null}
mytmp3 = 0
