time1 = {0.001595, Null}
time2 = {0.000011, Null}
time3 = {0.00009, Null}
time4 = {0.000087, Null}
mytmp3 = 0
