time1 = {0.002521, Null}
time2 = {0.000023, Null}
time3 = {0.000231, Null}
time4 = {0.000105, Null}
mytmp3 = 0
