time1 = {0.003547, Null}
time2 = {0.000024, Null}
time3 = {0.000111, Null}
time4 = {0.000089, Null}
mytmp3 = 0
