time1 = {0.002466, Null}
time2 = {0.000025, Null}
time3 = {0.000164, Null}
time4 = {0.000096, Null}
mytmp3 = 0
