time1 = {0.003652, Null}
time2 = {0.000015, Null}
time3 = {0.000113, Null}
time4 = {0.000081, Null}
mytmp3 = 0
