time1 = {0.003571, Null}
time2 = {0.00002, Null}
time3 = {0.000109, Null}
time4 = {0.000091, Null}
mytmp3 = 0
