time1 = {0.0016, Null}
time2 = {0.000013, Null}
time3 = {0.000086, Null}
time4 = {0.000081, Null}
mytmp3 = 0
