time1 = {0.001586, Null}
time2 = {0.000012, Null}
time3 = {0.000085, Null}
time4 = {0.000078, Null}
mytmp3 = 0
