time1 = {0.003519, Null}
time2 = {0.000018, Null}
time3 = {0.000121, Null}
time4 = {0.000095, Null}
mytmp3 = 0
