time1 = {0.003699, Null}
time2 = {0.000017, Null}
time3 = {0.00012, Null}
time4 = {0.000111, Null}
mytmp3 = 0
