time1 = {0.005338, Null}
time2 = {0.000027, Null}
time3 = {0.000172, Null}
time4 = {0.000084, Null}
mytmp3 = 0
