time1 = {0.003565, Null}
time2 = {0.00002, Null}
time3 = {0.000127, Null}
time4 = {0.000082, Null}
mytmp3 = 0
