time1 = {0.004393, Null}
time2 = {0.000024, Null}
time3 = {0.000117, Null}
time4 = {0.000093, Null}
mytmp3 = 0
