time1 = {0.003656, Null}
time2 = {0.00002, Null}
time3 = {0.000117, Null}
time4 = {0.000082, Null}
mytmp3 = 0
