time1 = {0.001643, Null}
time2 = {0.000021, Null}
time3 = {0.000112, Null}
time4 = {0.00009, Null}
mytmp3 = 0
