time1 = {0.002443, Null}
time2 = {0.00002, Null}
time3 = {0.000227, Null}
time4 = {0.000096, Null}
mytmp3 = 0
