time1 = {0.003645, Null}
time2 = {0.000017, Null}
time3 = {0.000131, Null}
time4 = {0.000086, Null}
mytmp3 = 0
