time1 = {0.002262, Null}
time2 = {0.000014, Null}
time3 = {0.000193, Null}
time4 = {0.000092, Null}
mytmp3 = 0
