time1 = {0.001649, Null}
time2 = {0.000025, Null}
time3 = {0.000126, Null}
time4 = {0.000093, Null}
mytmp3 = 0
