time1 = {0.003014, Null}
time2 = {0.000019, Null}
time3 = {0.000239, Null}
time4 = {0.000098, Null}
mytmp3 = 0
