time1 = {0.003918, Null}
time2 = {0.000021, Null}
time3 = {0.000118, Null}
time4 = {0.000092, Null}
mytmp3 = 0
