time1 = {0.003728, Null}
time2 = {0.000026, Null}
time3 = {0.00012, Null}
time4 = {0.000078, Null}
mytmp3 = 0
