time1 = {0.001652, Null}
time2 = {0.000019, Null}
time3 = {0.000102, Null}
time4 = {0.000083, Null}
mytmp3 = 0
