time1 = {0.003573, Null}
time2 = {0.000017, Null}
time3 = {0.000137, Null}
time4 = {0.000099, Null}
mytmp3 = 0
