time1 = {0.003606, Null}
time2 = {0.000018, Null}
time3 = {0.000139, Null}
time4 = {0.000094, Null}
mytmp3 = 0
