time1 = {0.002797, Null}
time2 = {0.000018, Null}
time3 = {0.000224, Null}
time4 = {0.000091, Null}
mytmp3 = 0
