time1 = {0.00172, Null}
time2 = {0.000021, Null}
time3 = {0.000114, Null}
time4 = {0.000088, Null}
mytmp3 = 0
