time1 = {0.001677, Null}
time2 = {0.00002, Null}
time3 = {0.000117, Null}
time4 = {0.000087, Null}
mytmp3 = 0
