time1 = {0.002618, Null}
time2 = {0.000014, Null}
time3 = {0.000117, Null}
time4 = {0.000086, Null}
mytmp3 = 0
