time1 = {0.00362, Null}
time2 = {0.000021, Null}
time3 = {0.000145, Null}
time4 = {0.000093, Null}
mytmp3 = 0
