time1 = {0.002558, Null}
time2 = {0.000016, Null}
time3 = {0.000135, Null}
time4 = {0.000091, Null}
mytmp3 = 0
