time1 = {0.002503, Null}
time2 = {0.000017, Null}
time3 = {0.000112, Null}
time4 = {0.000096, Null}
mytmp3 = 0
