time1 = {0.003649, Null}
time2 = {0.000019, Null}
time3 = {0.00012, Null}
time4 = {0.000083, Null}
mytmp3 = 0
