time1 = {0.003728, Null}
time2 = {0.000021, Null}
time3 = {0.000141, Null}
time4 = {0.000082, Null}
mytmp3 = 0
