time1 = {0.003626, Null}
time2 = {0.00002, Null}
time3 = {0.000114, Null}
time4 = {0.00008, Null}
mytmp3 = 0
