time1 = {0.003214, Null}
time2 = {0.000021, Null}
time3 = {0.000228, Null}
time4 = {0.000101, Null}
mytmp3 = 0
