time1 = {0.003579, Null}
time2 = {0.000023, Null}
time3 = {0.000119, Null}
time4 = {0.000087, Null}
mytmp3 = 0
