time1 = {0.00359, Null}
time2 = {0.000023, Null}
time3 = {0.000147, Null}
time4 = {0.000082, Null}
mytmp3 = 0
