time1 = {0.001582, Null}
time2 = {0.000022, Null}
time3 = {0.000094, Null}
time4 = {0.000092, Null}
mytmp3 = 0
