time1 = {0.00355, Null}
time2 = {0.000025, Null}
time3 = {0.000111, Null}
time4 = {0.000106, Null}
mytmp3 = 0
