time1 = {0.001652, Null}
time2 = {0.000018, Null}
time3 = {0.000131, Null}
time4 = {0.000096, Null}
mytmp3 = 0
