time1 = {0.003573, Null}
time2 = {0.000018, Null}
time3 = {0.00011, Null}
time4 = {0.000082, Null}
mytmp3 = 0
