time1 = {0.001661, Null}
time2 = {0.000017, Null}
time3 = {0.000127, Null}
time4 = {0.000082, Null}
mytmp3 = 0
