time1 = {0.003571, Null}
time2 = {0.000024, Null}
time3 = {0.000135, Null}
time4 = {0.000082, Null}
mytmp3 = 0
