time1 = {0.006144, Null}
time2 = {0.000024, Null}
time3 = {0.000166, Null}
time4 = {0.000086, Null}
mytmp3 = 0
