time1 = {0.00371, Null}
time2 = {0.000018, Null}
time3 = {0.000105, Null}
time4 = {0.000075, Null}
mytmp3 = 0
