time1 = {0.00358, Null}
time2 = {0.000022, Null}
time3 = {0.000111, Null}
time4 = {0.000081, Null}
mytmp3 = 0
