time1 = {0.001581, Null}
time2 = {0.000015, Null}
time3 = {0.00011, Null}
time4 = {0.000089, Null}
mytmp3 = 0
