time1 = {0.002472, Null}
time2 = {0.000023, Null}
time3 = {0.000163, Null}
time4 = {0.000114, Null}
mytmp3 = 0
