time1 = {0.001593, Null}
time2 = {0.000012, Null}
time3 = {0.000105, Null}
time4 = {0.000086, Null}
mytmp3 = 0
