time1 = {0.00322, Null}
time2 = {0.000016, Null}
time3 = {0.000231, Null}
time4 = {0.000117, Null}
mytmp3 = 0
