time1 = {0.001645, Null}
time2 = {0.000013, Null}
time3 = {0.000106, Null}
time4 = {0.000103, Null}
mytmp3 = 0
