time1 = {0.001649, Null}
time2 = {0.000013, Null}
time3 = {0.000089, Null}
time4 = {0.00007, Null}
mytmp3 = 0
