time1 = {0.003641, Null}
time2 = {0.00002, Null}
time3 = {0.000117, Null}
time4 = {0.000083, Null}
mytmp3 = 0
