time1 = {0.00291, Null}
time2 = {0.000018, Null}
time3 = {0.000234, Null}
time4 = {0.000107, Null}
mytmp3 = 0
