time1 = {0.001623, Null}
time2 = {0.00002, Null}
time3 = {0.000134, Null}
time4 = {0.000099, Null}
mytmp3 = 0
