time1 = {0.003748, Null}
time2 = {0.00002, Null}
time3 = {0.000143, Null}
time4 = {0.000097, Null}
mytmp3 = 0
