time1 = {0.003526, Null}
time2 = {0.000016, Null}
time3 = {0.000128, Null}
time4 = {0.000092, Null}
mytmp3 = 0
