time1 = {0.003619, Null}
time2 = {0.00002, Null}
time3 = {0.000131, Null}
time4 = {0.000082, Null}
mytmp3 = 0
