time1 = {0.001601, Null}
time2 = {0.000014, Null}
time3 = {0.0001, Null}
time4 = {0.000084, Null}
mytmp3 = 0
