time1 = {0.002571, Null}
time2 = {0.000019, Null}
time3 = {0.000165, Null}
time4 = {0.000116, Null}
mytmp3 = 0
