time1 = {0.002724, Null}
time2 = {0.000016, Null}
time3 = {0.000132, Null}
time4 = {0.000086, Null}
mytmp3 = 0
