time1 = {0.003536, Null}
time2 = {0.000023, Null}
time3 = {0.000109, Null}
time4 = {0.000086, Null}
mytmp3 = 0
