time1 = {0.001661, Null}
time2 = {0.000016, Null}
time3 = {0.000104, Null}
time4 = {0.000082, Null}
mytmp3 = 0
