time1 = {0.001652, Null}
time2 = {0.000015, Null}
time3 = {0.000105, Null}
time4 = {0.000085, Null}
mytmp3 = 0
