time1 = {0.002794, Null}
time2 = {0.000018, Null}
time3 = {0.000125, Null}
time4 = {0.000098, Null}
mytmp3 = 0
