time1 = {0.003634, Null}
time2 = {0.00002, Null}
time3 = {0.000134, Null}
time4 = {0.000079, Null}
mytmp3 = 0
