time1 = {0.001602, Null}
time2 = {0.000012, Null}
time3 = {0.000086, Null}
time4 = {0.000075, Null}
mytmp3 = 0
