time1 = {0.002661, Null}
time2 = {0.000016, Null}
time3 = {0.000197, Null}
time4 = {0.000099, Null}
mytmp3 = 0
