time1 = {0.001579, Null}
time2 = {0.000015, Null}
time3 = {0.000093, Null}
time4 = {0.000078, Null}
mytmp3 = 0
