time1 = {0.002372, Null}
time2 = {0.000015, Null}
time3 = {0.000146, Null}
time4 = {0.000091, Null}
mytmp3 = 0
