time1 = {0.00165, Null}
time2 = {0.000017, Null}
time3 = {0.000104, Null}
time4 = {0.000077, Null}
mytmp3 = 0
