time1 = {0.001726, Null}
time2 = {0.000018, Null}
time3 = {0.000123, Null}
time4 = {0.000087, Null}
mytmp3 = 0
