time1 = {0.004361, Null}
time2 = {0.000023, Null}
time3 = {0.000137, Null}
time4 = {0.00009, Null}
mytmp3 = 0
