time1 = {0.001632, Null}
time2 = {0.000016, Null}
time3 = {0.000092, Null}
time4 = {0.000076, Null}
mytmp3 = 0
