time1 = {0.002787, Null}
time2 = {0.000026, Null}
time3 = {0.00013, Null}
time4 = {0.000089, Null}
mytmp3 = 0
