time1 = {0.001582, Null}
time2 = {0.000016, Null}
time3 = {0.00011, Null}
time4 = {0.000083, Null}
mytmp3 = 0
