time1 = {0.003688, Null}
time2 = {0.000018, Null}
time3 = {0.000128, Null}
time4 = {0.000085, Null}
mytmp3 = 0
