time1 = {0.001684, Null}
time2 = {0.00002, Null}
time3 = {0.000128, Null}
time4 = {0.000092, Null}
mytmp3 = 0
