time1 = {0.003092, Null}
time2 = {0.000017, Null}
time3 = {0.000216, Null}
time4 = {0.000088, Null}
mytmp3 = 0
