time1 = {0.001635, Null}
time2 = {0.00002, Null}
time3 = {0.000094, Null}
time4 = {0.000084, Null}
mytmp3 = 0
