time1 = {0.003707, Null}
time2 = {0.00002, Null}
time3 = {0.000123, Null}
time4 = {0.000085, Null}
mytmp3 = 0
