time1 = {0.003894, Null}
time2 = {0.00002, Null}
time3 = {0.000142, Null}
time4 = {0.000092, Null}
mytmp3 = 0
