time1 = {0.003518, Null}
time2 = {0.000022, Null}
time3 = {0.000111, Null}
time4 = {0.000092, Null}
mytmp3 = 0
