time1 = {0.002069, Null}
time2 = {0.000024, Null}
time3 = {0.000149, Null}
time4 = {0.000115, Null}
mytmp3 = 0
