time1 = {0.003685, Null}
time2 = {0.000018, Null}
time3 = {0.000142, Null}
time4 = {0.000097, Null}
mytmp3 = 0
