time1 = {0.003517, Null}
time2 = {0.000016, Null}
time3 = {0.000113, Null}
time4 = {0.000094, Null}
mytmp3 = 0
