time1 = {0.001613, Null}
time2 = {0.000015, Null}
time3 = {0.000118, Null}
time4 = {0.000081, Null}
mytmp3 = 0
