time1 = {0.002572, Null}
time2 = {0.000021, Null}
time3 = {0.000175, Null}
time4 = {0.000118, Null}
mytmp3 = 0
