time1 = {0.00164, Null}
time2 = {0.000013, Null}
time3 = {0.000088, Null}
time4 = {0.000088, Null}
mytmp3 = 0
