time1 = {0.001585, Null}
time2 = {0.000015, Null}
time3 = {0.000103, Null}
time4 = {0.000077, Null}
mytmp3 = 0
