time1 = {0.001594, Null}
time2 = {0.000014, Null}
time3 = {0.000099, Null}
time4 = {0.000086, Null}
mytmp3 = 0
