time1 = {0.001682, Null}
time2 = {0.000024, Null}
time3 = {0.000148, Null}
time4 = {0.000114, Null}
mytmp3 = 0
