time1 = {0.003169, Null}
time2 = {0.000019, Null}
time3 = {0.000227, Null}
time4 = {0.000106, Null}
mytmp3 = 0
