time1 = {0.001675, Null}
time2 = {0.000016, Null}
time3 = {0.000117, Null}
time4 = {0.000094, Null}
mytmp3 = 0
