time1 = {0.00276, Null}
time2 = {0.000017, Null}
time3 = {0.000164, Null}
time4 = {0.000096, Null}
mytmp3 = 0
