time1 = {0.001677, Null}
time2 = {0.000016, Null}
time3 = {0.000112, Null}
time4 = {0.000095, Null}
mytmp3 = 0
