time1 = {0.003568, Null}
time2 = {0.000032, Null}
time3 = {0.000138, Null}
time4 = {0.000084, Null}
mytmp3 = 0
