time1 = {0.002997, Null}
time2 = {0.000021, Null}
time3 = {0.000225, Null}
time4 = {0.000097, Null}
mytmp3 = 0
