time1 = {0.00163, Null}
time2 = {0.000013, Null}
time3 = {0.000089, Null}
time4 = {0.000084, Null}
mytmp3 = 0
