time1 = {0.003154, Null}
time2 = {0.00002, Null}
time3 = {0.000181, Null}
time4 = {0.000111, Null}
mytmp3 = 0
