time1 = {0.003625, Null}
time2 = {0.000021, Null}
time3 = {0.000111, Null}
time4 = {0.000078, Null}
mytmp3 = 0
