time1 = {0.001692, Null}
time2 = {0.000019, Null}
time3 = {0.000108, Null}
time4 = {0.000089, Null}
mytmp3 = 0
