time1 = {0.003583, Null}
time2 = {0.00002, Null}
time3 = {0.000112, Null}
time4 = {0.000077, Null}
mytmp3 = 0
