time1 = {0.001734, Null}
time2 = {0.000017, Null}
time3 = {0.00011, Null}
time4 = {0.00008, Null}
mytmp3 = 0
