time1 = {0.003484, Null}
time2 = {0.000018, Null}
time3 = {0.000109, Null}
time4 = {0.000082, Null}
mytmp3 = 0
