time1 = {0.003582, Null}
time2 = {0.000022, Null}
time3 = {0.000113, Null}
time4 = {0.000076, Null}
mytmp3 = 0
