time1 = {0.004136, Null}
time2 = {0.000022, Null}
time3 = {0.000138, Null}
time4 = {0.00008, Null}
mytmp3 = 0
