time1 = {0.00363, Null}
time2 = {0.000018, Null}
time3 = {0.000127, Null}
time4 = {0.000102, Null}
mytmp3 = 0
