time1 = {0.002559, Null}
time2 = {0.000018, Null}
time3 = {0.000216, Null}
time4 = {0.000099, Null}
mytmp3 = 0
