time1 = {0.003686, Null}
time2 = {0.00002, Null}
time3 = {0.000148, Null}
time4 = {0.000088, Null}
mytmp3 = 0
