time1 = {0.003826, Null}
time2 = {0.000024, Null}
time3 = {0.000141, Null}
time4 = {0.000091, Null}
mytmp3 = 0
