time1 = {0.003653, Null}
time2 = {0.000023, Null}
time3 = {0.000125, Null}
time4 = {0.000094, Null}
mytmp3 = 0
