time1 = {0.003597, Null}
time2 = {0.000023, Null}
time3 = {0.000121, Null}
time4 = {0.000079, Null}
mytmp3 = 0
