time1 = {0.002285, Null}
time2 = {0.000018, Null}
time3 = {0.000216, Null}
time4 = {0.000104, Null}
mytmp3 = 0
