time1 = {0.001704, Null}
time2 = {0.000021, Null}
time3 = {0.000136, Null}
time4 = {0.000085, Null}
mytmp3 = 0
