time1 = {0.001599, Null}
time2 = {0.000016, Null}
time3 = {0.000136, Null}
time4 = {0.000097, Null}
mytmp3 = 0
