time1 = {0.002505, Null}
time2 = {0.000016, Null}
time3 = {0.000121, Null}
time4 = {0.00009, Null}
mytmp3 = 0
