time1 = {0.002692, Null}
time2 = {0.000018, Null}
time3 = {0.000196, Null}
time4 = {0.000086, Null}
mytmp3 = 0
