time1 = {0.003795, Null}
time2 = {0.00003, Null}
time3 = {0.000147, Null}
time4 = {0.000084, Null}
mytmp3 = 0
