time1 = {0.003604, Null}
time2 = {0.000021, Null}
time3 = {0.000126, Null}
time4 = {0.000081, Null}
mytmp3 = 0
