time1 = {0.001602, Null}
time2 = {0.000015, Null}
time3 = {0.000095, Null}
time4 = {0.000098, Null}
mytmp3 = 0
