time1 = {0.001667, Null}
time2 = {0.000013, Null}
time3 = {0.000095, Null}
time4 = {0.000098, Null}
mytmp3 = 0
