time1 = {0.003623, Null}
time2 = {0.000021, Null}
time3 = {0.000116, Null}
time4 = {0.00008, Null}
mytmp3 = 0
