time1 = {0.0036, Null}
time2 = {0.000021, Null}
time3 = {0.000122, Null}
time4 = {0.000083, Null}
mytmp3 = 0
