time1 = {0.002445, Null}
time2 = {0.000015, Null}
time3 = {0.000119, Null}
time4 = {0.000093, Null}
mytmp3 = 0
