time1 = {0.002023, Null}
time2 = {0.000015, Null}
time3 = {0.00012, Null}
time4 = {0.000109, Null}
mytmp3 = 0
