time1 = {0.002856, Null}
time2 = {0.000017, Null}
time3 = {0.000115, Null}
time4 = {0.0001, Null}
mytmp3 = 0
