time1 = {0.001688, Null}
time2 = {0.000023, Null}
time3 = {0.00012, Null}
time4 = {0.000087, Null}
mytmp3 = 0
