time1 = {0.003501, Null}
time2 = {0.000024, Null}
time3 = {0.000129, Null}
time4 = {0.00008, Null}
mytmp3 = 0
