time1 = {0.001678, Null}
time2 = {0.000023, Null}
time3 = {0.000129, Null}
time4 = {0.000087, Null}
mytmp3 = 0
