time1 = {0.003168, Null}
time2 = {0.000017, Null}
time3 = {0.000242, Null}
time4 = {0.000129, Null}
mytmp3 = 0
