time1 = {0.001613, Null}
time2 = {0.000027, Null}
time3 = {0.000111, Null}
time4 = {0.000084, Null}
mytmp3 = 0
