time1 = {0.002415, Null}
time2 = {0.000016, Null}
time3 = {0.000186, Null}
time4 = {0.000081, Null}
mytmp3 = 0
