time1 = {0.002299, Null}
time2 = {0.000015, Null}
time3 = {0.000182, Null}
time4 = {0.000114, Null}
mytmp3 = 0
