time1 = {0.001708, Null}
time2 = {0.000014, Null}
time3 = {0.00011, Null}
time4 = {0.000084, Null}
mytmp3 = 0
