time1 = {0.003215, Null}
time2 = {0.000017, Null}
time3 = {0.000224, Null}
time4 = {0.000107, Null}
mytmp3 = 0
