time1 = {0.001639, Null}
time2 = {0.000015, Null}
time3 = {0.000106, Null}
time4 = {0.00009, Null}
mytmp3 = 0
