time1 = {0.001612, Null}
time2 = {0.000013, Null}
time3 = {0.000094, Null}
time4 = {0.000088, Null}
mytmp3 = 0
