time1 = {0.001662, Null}
time2 = {0.000014, Null}
time3 = {0.000101, Null}
time4 = {0.000088, Null}
mytmp3 = 0
