time1 = {0.00163, Null}
time2 = {0.000013, Null}
time3 = {0.000093, Null}
time4 = {0.000077, Null}
mytmp3 = 0
