time1 = {0.001877, Null}
time2 = {0.000017, Null}
time3 = {0.000122, Null}
time4 = {0.000109, Null}
mytmp3 = 0
