time1 = {0.00228, Null}
time2 = {0.000015, Null}
time3 = {0.000189, Null}
time4 = {0.000087, Null}
mytmp3 = 0
