time1 = {0.001736, Null}
time2 = {0.000014, Null}
time3 = {0.000102, Null}
time4 = {0.00009, Null}
mytmp3 = 0
