time1 = {0.001685, Null}
time2 = {0.000023, Null}
time3 = {0.000135, Null}
time4 = {0.000088, Null}
mytmp3 = 0
