time1 = {0.002625, Null}
time2 = {0.000018, Null}
time3 = {0.000152, Null}
time4 = {0.00009, Null}
mytmp3 = 0
