time1 = {0.003581, Null}
time2 = {0.000021, Null}
time3 = {0.000126, Null}
time4 = {0.00008, Null}
mytmp3 = 0
