time1 = {0.002319, Null}
time2 = {0.000019, Null}
time3 = {0.000207, Null}
time4 = {0.000092, Null}
mytmp3 = 0
