time1 = {0.002295, Null}
time2 = {0.000016, Null}
time3 = {0.00022, Null}
time4 = {0.000096, Null}
mytmp3 = 0
