time1 = {0.002028, Null}
time2 = {0.000017, Null}
time3 = {0.00012, Null}
time4 = {0.000088, Null}
mytmp3 = 0
