time1 = {0.003639, Null}
time2 = {0.000022, Null}
time3 = {0.000138, Null}
time4 = {0.000086, Null}
mytmp3 = 0
