time1 = {0.003789, Null}
time2 = {0.000018, Null}
time3 = {0.000301, Null}
time4 = {0.00014, Null}
mytmp3 = 0
