time1 = {0.003566, Null}
time2 = {0.000023, Null}
time3 = {0.000133, Null}
time4 = {0.0001, Null}
mytmp3 = 0
