time1 = {0.003595, Null}
time2 = {0.000026, Null}
time3 = {0.000139, Null}
time4 = {0.000095, Null}
mytmp3 = 0
