time1 = {0.003622, Null}
time2 = {0.000021, Null}
time3 = {0.00012, Null}
time4 = {0.000079, Null}
mytmp3 = 0
