time1 = {0.002435, Null}
time2 = {0.000023, Null}
time3 = {0.000122, Null}
time4 = {0.00009, Null}
mytmp3 = 0
