time1 = {0.002413, Null}
time2 = {0.000015, Null}
time3 = {0.000196, Null}
time4 = {0.000115, Null}
mytmp3 = 0
