time1 = {0.002769, Null}
time2 = {0.000018, Null}
time3 = {0.000137, Null}
time4 = {0.000088, Null}
mytmp3 = 0
