time1 = {0.003571, Null}
time2 = {0.000017, Null}
time3 = {0.000129, Null}
time4 = {0.000099, Null}
mytmp3 = 0
