time1 = {0.003615, Null}
time2 = {0.000018, Null}
time3 = {0.000137, Null}
time4 = {0.000086, Null}
mytmp3 = 0
