time1 = {0.001692, Null}
time2 = {0.00002, Null}
time3 = {0.000122, Null}
time4 = {0.00009, Null}
mytmp3 = 0
