time1 = {0.001589, Null}
time2 = {0.000015, Null}
time3 = {0.000094, Null}
time4 = {0.000076, Null}
mytmp3 = 0
