time1 = {0.002883, Null}
time2 = {0.00002, Null}
time3 = {0.00013, Null}
time4 = {0.000084, Null}
mytmp3 = 0
