time1 = {0.001637, Null}
time2 = {0.000013, Null}
time3 = {0.000096, Null}
time4 = {0.000102, Null}
mytmp3 = 0
