time1 = {0.001668, Null}
time2 = {0.000019, Null}
time3 = {0.00011, Null}
time4 = {0.000093, Null}
mytmp3 = 0
