time1 = {0.001667, Null}
time2 = {0.000017, Null}
time3 = {0.0001, Null}
time4 = {0.000078, Null}
mytmp3 = 0
