time1 = {0.001695, Null}
time2 = {0.00002, Null}
time3 = {0.000154, Null}
time4 = {0.000109, Null}
mytmp3 = 0
