time1 = {0.001664, Null}
time2 = {0.000024, Null}
time3 = {0.000119, Null}
time4 = {0.000085, Null}
mytmp3 = 0
