time1 = {0.001639, Null}
time2 = {0.000014, Null}
time3 = {0.000102, Null}
time4 = {0.000081, Null}
mytmp3 = 0
