time1 = {0.002541, Null}
time2 = {0.000016, Null}
time3 = {0.000196, Null}
time4 = {0.000106, Null}
mytmp3 = 0
