time1 = {0.002077, Null}
time2 = {0.000017, Null}
time3 = {0.000125, Null}
time4 = {0.000092, Null}
mytmp3 = 0
