time1 = {0.001711, Null}
time2 = {0.000017, Null}
time3 = {0.00011, Null}
time4 = {0.000088, Null}
mytmp3 = 0
