time1 = {0.001773, Null}
time2 = {0.000014, Null}
time3 = {0.000096, Null}
time4 = {0.000089, Null}
mytmp3 = 0
