time1 = {0.002484, Null}
time2 = {0.000021, Null}
time3 = {0.000166, Null}
time4 = {0.000099, Null}
mytmp3 = 0
