time1 = {0.001624, Null}
time2 = {0.000013, Null}
time3 = {0.000096, Null}
time4 = {0.0001, Null}
mytmp3 = 0
