time1 = {0.001648, Null}
time2 = {0.000016, Null}
time3 = {0.000096, Null}
time4 = {0.000075, Null}
mytmp3 = 0
