time1 = {0.002424, Null}
time2 = {0.000019, Null}
time3 = {0.000171, Null}
time4 = {0.000103, Null}
mytmp3 = 0
