time1 = {0.002442, Null}
time2 = {0.00002, Null}
time3 = {0.000145, Null}
time4 = {0.000119, Null}
mytmp3 = 0
