time1 = {0.002611, Null}
time2 = {0.000024, Null}
time3 = {0.00023, Null}
time4 = {0.000097, Null}
mytmp3 = 0
