time1 = {0.003688, Null}
time2 = {0.000024, Null}
time3 = {0.000142, Null}
time4 = {0.000087, Null}
mytmp3 = 0
