time1 = {0.00358, Null}
time2 = {0.000017, Null}
time3 = {0.000117, Null}
time4 = {0.000081, Null}
mytmp3 = 0
