time1 = {0.002136, Null}
time2 = {0.000026, Null}
time3 = {0.000171, Null}
time4 = {0.000121, Null}
mytmp3 = 0
