time1 = {0.001643, Null}
time2 = {0.000021, Null}
time3 = {0.000114, Null}
time4 = {0.000105, Null}
mytmp3 = 0
