time1 = {0.004266, Null}
time2 = {0.000021, Null}
time3 = {0.000121, Null}
time4 = {0.000081, Null}
mytmp3 = 0
