time1 = {0.001567, Null}
time2 = {0.000013, Null}
time3 = {0.000091, Null}
time4 = {0.000083, Null}
mytmp3 = 0
