time1 = {0.001627, Null}
time2 = {0.000013, Null}
time3 = {0.0001, Null}
time4 = {0.000073, Null}
mytmp3 = 0
