time1 = {0.004251, Null}
time2 = {0.000018, Null}
time3 = {0.000127, Null}
time4 = {0.000087, Null}
mytmp3 = 0
