time1 = {0.002348, Null}
time2 = {0.000018, Null}
time3 = {0.000218, Null}
time4 = {0.000101, Null}
mytmp3 = 0
