time1 = {0.001659, Null}
time2 = {0.000017, Null}
time3 = {0.000118, Null}
time4 = {0.000109, Null}
mytmp3 = 0
