time1 = {0.001666, Null}
time2 = {0.000029, Null}
time3 = {0.000145, Null}
time4 = {0.000098, Null}
mytmp3 = 0
