time1 = {0.001762, Null}
time2 = {0.000038, Null}
time3 = {0.000121, Null}
time4 = {0.000085, Null}
mytmp3 = 0
