time1 = {0.002473, Null}
time2 = {0.000018, Null}
time3 = {0.000131, Null}
time4 = {0.000094, Null}
mytmp3 = 0
