time1 = {0.003891, Null}
time2 = {0.000021, Null}
time3 = {0.000134, Null}
time4 = {0.000096, Null}
mytmp3 = 0
