time1 = {0.002926, Null}
time2 = {0.000019, Null}
time3 = {0.000134, Null}
time4 = {0.000086, Null}
mytmp3 = 0
