time1 = {0.003813, Null}
time2 = {0.00002, Null}
time3 = {0.000131, Null}
time4 = {0.000089, Null}
mytmp3 = 0
