time1 = {0.00158, Null}
time2 = {0.000017, Null}
time3 = {0.000103, Null}
time4 = {0.000083, Null}
mytmp3 = 0
