time1 = {0.003168, Null}
time2 = {0.00002, Null}
time3 = {0.000279, Null}
time4 = {0.000103, Null}
mytmp3 = 0
