time1 = {0.003631, Null}
time2 = {0.000022, Null}
time3 = {0.000135, Null}
time4 = {0.000087, Null}
mytmp3 = 0
