time1 = {0.003262, Null}
time2 = {0.00002, Null}
time3 = {0.000278, Null}
time4 = {0.000135, Null}
mytmp3 = 0
