time1 = {0.003506, Null}
time2 = {0.000024, Null}
time3 = {0.000127, Null}
time4 = {0.000095, Null}
mytmp3 = 0
