time1 = {0.001649, Null}
time2 = {0.000013, Null}
time3 = {0.000106, Null}
time4 = {0.000083, Null}
mytmp3 = 0
