time1 = {0.00243, Null}
time2 = {0.000016, Null}
time3 = {0.000157, Null}
time4 = {0.000095, Null}
mytmp3 = 0
