time1 = {0.001614, Null}
time2 = {0.000015, Null}
time3 = {0.000093, Null}
time4 = {0.000077, Null}
mytmp3 = 0
