time1 = {0.001609, Null}
time2 = {0.000013, Null}
time3 = {0.000094, Null}
time4 = {0.000082, Null}
mytmp3 = 0
