time1 = {0.003551, Null}
time2 = {0.000021, Null}
time3 = {0.000121, Null}
time4 = {0.000078, Null}
mytmp3 = 0
