time1 = {0.002717, Null}
time2 = {0.000019, Null}
time3 = {0.000254, Null}
time4 = {0.000101, Null}
mytmp3 = 0
