time1 = {0.003715, Null}
time2 = {0.00002, Null}
time3 = {0.000127, Null}
time4 = {0.000087, Null}
mytmp3 = 0
