time1 = {0.001675, Null}
time2 = {0.000017, Null}
time3 = {0.000112, Null}
time4 = {0.000082, Null}
mytmp3 = 0
