time1 = {0.00249, Null}
time2 = {0.000016, Null}
time3 = {0.000167, Null}
time4 = {0.00011, Null}
mytmp3 = 0
