time1 = {0.004207, Null}
time2 = {0.000023, Null}
time3 = {0.000129, Null}
time4 = {0.000083, Null}
mytmp3 = 0
