time1 = {0.001711, Null}
time2 = {0.000021, Null}
time3 = {0.000117, Null}
time4 = {0.000096, Null}
mytmp3 = 0
