time1 = {0.002682, Null}
time2 = {0.00002, Null}
time3 = {0.000244, Null}
time4 = {0.000104, Null}
mytmp3 = 0
