time1 = {0.00367, Null}
time2 = {0.00002, Null}
time3 = {0.000121, Null}
time4 = {0.000087, Null}
mytmp3 = 0
