time1 = {0.00162, Null}
time2 = {0.000012, Null}
time3 = {0.000089, Null}
time4 = {0.000071, Null}
mytmp3 = 0
