time1 = {0.003677, Null}
time2 = {0.00002, Null}
time3 = {0.000146, Null}
time4 = {0.000091, Null}
mytmp3 = 0
