time1 = {0.002996, Null}
time2 = {0.00002, Null}
time3 = {0.00014, Null}
time4 = {0.0001, Null}
mytmp3 = 0
