time1 = {0.001639, Null}
time2 = {0.000018, Null}
time3 = {0.00012, Null}
time4 = {0.000102, Null}
mytmp3 = 0
