time1 = {0.001629, Null}
time2 = {0.000014, Null}
time3 = {0.00012, Null}
time4 = {0.000094, Null}
mytmp3 = 0
