time1 = {0.004234, Null}
time2 = {0.000024, Null}
time3 = {0.00013, Null}
time4 = {0.000091, Null}
mytmp3 = 0
