time1 = {0.002429, Null}
time2 = {0.000019, Null}
time3 = {0.000155, Null}
time4 = {0.000108, Null}
mytmp3 = 0
