time1 = {0.003721, Null}
time2 = {0.000023, Null}
time3 = {0.000143, Null}
time4 = {0.000095, Null}
mytmp3 = 0
