time1 = {0.00168, Null}
time2 = {0.000014, Null}
time3 = {0.000108, Null}
time4 = {0.000085, Null}
mytmp3 = 0
