time1 = {0.004079, Null}
time2 = {0.000024, Null}
time3 = {0.000133, Null}
time4 = {0.000082, Null}
mytmp3 = 0
