time1 = {0.001644, Null}
time2 = {0.000014, Null}
time3 = {0.000097, Null}
time4 = {0.000093, Null}
mytmp3 = 0
