time1 = {0.001627, Null}
time2 = {0.000016, Null}
time3 = {0.000121, Null}
time4 = {0.000085, Null}
mytmp3 = 0
