time1 = {0.001635, Null}
time2 = {0.000018, Null}
time3 = {0.000102, Null}
time4 = {0.00008, Null}
mytmp3 = 0
