time1 = {0.002598, Null}
time2 = {0.000017, Null}
time3 = {0.000123, Null}
time4 = {0.000087, Null}
mytmp3 = 0
