time1 = {0.002974, Null}
time2 = {0.000031, Null}
time3 = {0.000122, Null}
time4 = {0.000088, Null}
mytmp3 = 0
