time1 = {0.00379, Null}
time2 = {0.000022, Null}
time3 = {0.000149, Null}
time4 = {0.00011, Null}
mytmp3 = 0
