time1 = {0.00299, Null}
time2 = {0.000019, Null}
time3 = {0.000124, Null}
time4 = {0.000085, Null}
mytmp3 = 0
