time1 = {0.002549, Null}
time2 = {0.000018, Null}
time3 = {0.000182, Null}
time4 = {0.000116, Null}
mytmp3 = 0
