time1 = {0.00269, Null}
time2 = {0.000016, Null}
time3 = {0.000117, Null}
time4 = {0.00008, Null}
mytmp3 = 0
