time1 = {0.00365, Null}
time2 = {0.000019, Null}
time3 = {0.00014, Null}
time4 = {0.000091, Null}
mytmp3 = 0
