time1 = {0.001646, Null}
time2 = {0.000017, Null}
time3 = {0.000109, Null}
time4 = {0.000084, Null}
mytmp3 = 0
