time1 = {0.003585, Null}
time2 = {0.000019, Null}
time3 = {0.000126, Null}
time4 = {0.000086, Null}
mytmp3 = 0
