time1 = {0.001662, Null}
time2 = {0.000013, Null}
time3 = {0.000102, Null}
time4 = {0.000075, Null}
mytmp3 = 0
