time1 = {0.002437, Null}
time2 = {0.000018, Null}
time3 = {0.000124, Null}
time4 = {0.000097, Null}
mytmp3 = 0
