time1 = {0.001673, Null}
time2 = {0.000014, Null}
time3 = {0.000105, Null}
time4 = {0.000079, Null}
mytmp3 = 0
