time1 = {0.003811, Null}
time2 = {0.000022, Null}
time3 = {0.000132, Null}
time4 = {0.00009, Null}
mytmp3 = 0
