time1 = {0.001641, Null}
time2 = {0.000016, Null}
time3 = {0.000105, Null}
time4 = {0.000097, Null}
mytmp3 = 0
