time1 = {0.003702, Null}
time2 = {0.000017, Null}
time3 = {0.000127, Null}
time4 = {0.00008, Null}
mytmp3 = 0
