time1 = {0.003635, Null}
time2 = {0.000019, Null}
time3 = {0.000164, Null}
time4 = {0.000097, Null}
mytmp3 = 0
