time1 = {0.001569, Null}
time2 = {0.000011, Null}
time3 = {0.000091, Null}
time4 = {0.00007, Null}
mytmp3 = 0
