time1 = {0.003771, Null}
time2 = {0.000024, Null}
time3 = {0.000144, Null}
time4 = {0.000103, Null}
mytmp3 = 0
