time1 = {0.001809, Null}
time2 = {0.000017, Null}
time3 = {0.000127, Null}
time4 = {0.000101, Null}
mytmp3 = 0
