time1 = {0.003606, Null}
time2 = {0.000021, Null}
time3 = {0.000129, Null}
time4 = {0.000086, Null}
mytmp3 = 0
