time1 = {0.002997, Null}
time2 = {0.000021, Null}
time3 = {0.000218, Null}
time4 = {0.000115, Null}
mytmp3 = 0
