time1 = {0.00303, Null}
time2 = {0.000019, Null}
time3 = {0.000131, Null}
time4 = {0.000098, Null}
mytmp3 = 0
