time1 = {0.002717, Null}
time2 = {0.000018, Null}
time3 = {0.00013, Null}
time4 = {0.000096, Null}
mytmp3 = 0
