time1 = {0.003625, Null}
time2 = {0.000024, Null}
time3 = {0.00013, Null}
time4 = {0.000092, Null}
mytmp3 = 0
