time1 = {0.003754, Null}
time2 = {0.00003, Null}
time3 = {0.000148, Null}
time4 = {0.000085, Null}
mytmp3 = 0
