time1 = {0.003708, Null}
time2 = {0.000026, Null}
time3 = {0.000153, Null}
time4 = {0.000081, Null}
mytmp3 = 0
