time1 = {0.003553, Null}
time2 = {0.000028, Null}
time3 = {0.000134, Null}
time4 = {0.000084, Null}
mytmp3 = 0
