time1 = {0.001702, Null}
time2 = {0.000017, Null}
time3 = {0.000115, Null}
time4 = {0.000082, Null}
mytmp3 = 0
