time1 = {0.003247, Null}
time2 = {0.000018, Null}
time3 = {0.000254, Null}
time4 = {0.000114, Null}
mytmp3 = 0
