time1 = {0.001725, Null}
time2 = {0.000017, Null}
time3 = {0.000111, Null}
time4 = {0.000086, Null}
mytmp3 = 0
