time1 = {0.003707, Null}
time2 = {0.000018, Null}
time3 = {0.000112, Null}
time4 = {0.00008, Null}
mytmp3 = 0
