time1 = {0.002157, Null}
time2 = {0.000017, Null}
time3 = {0.000149, Null}
time4 = {0.000089, Null}
mytmp3 = 0
