time1 = {0.00482, Null}
time2 = {0.000023, Null}
time3 = {0.000143, Null}
time4 = {0.000096, Null}
mytmp3 = 0
