time1 = {0.00251, Null}
time2 = {0.000018, Null}
time3 = {0.00021, Null}
time4 = {0.000101, Null}
mytmp3 = 0
