time1 = {0.004487, Null}
time2 = {0.000025, Null}
time3 = {0.000148, Null}
time4 = {0.000092, Null}
mytmp3 = 0
