time1 = {0.002424, Null}
time2 = {0.000015, Null}
time3 = {0.000281, Null}
time4 = {0.000103, Null}
mytmp3 = 0
