time1 = {0.002767, Null}
time2 = {0.000019, Null}
time3 = {0.000222, Null}
time4 = {0.000102, Null}
mytmp3 = 0
