time1 = {0.003578, Null}
time2 = {0.000016, Null}
time3 = {0.00012, Null}
time4 = {0.000081, Null}
mytmp3 = 0
