time1 = {0.003575, Null}
time2 = {0.000019, Null}
time3 = {0.000119, Null}
time4 = {0.000094, Null}
mytmp3 = 0
