time1 = {0.002558, Null}
time2 = {0.000019, Null}
time3 = {0.000204, Null}
time4 = {0.000094, Null}
mytmp3 = 0
