time1 = {0.003556, Null}
time2 = {0.000021, Null}
time3 = {0.00015, Null}
time4 = {0.000111, Null}
mytmp3 = 0
