time1 = {0.002928, Null}
time2 = {0.000022, Null}
time3 = {0.000124, Null}
time4 = {0.000099, Null}
mytmp3 = 0
