time1 = {0.003724, Null}
time2 = {0.000026, Null}
time3 = {0.00015, Null}
time4 = {0.000096, Null}
mytmp3 = 0
