time1 = {0.002949, Null}
time2 = {0.000019, Null}
time3 = {0.000218, Null}
time4 = {0.000105, Null}
mytmp3 = 0
