time1 = {0.00466, Null}
time2 = {0.000023, Null}
time3 = {0.000134, Null}
time4 = {0.000097, Null}
mytmp3 = 0
