time1 = {0.003467, Null}
time2 = {0.00002, Null}
time3 = {0.000129, Null}
time4 = {0.000094, Null}
mytmp3 = 0
