time1 = {0.001635, Null}
time2 = {0.000016, Null}
time3 = {0.000102, Null}
time4 = {0.000079, Null}
mytmp3 = 0
