time1 = {0.001719, Null}
time2 = {0.000013, Null}
time3 = {0.000112, Null}
time4 = {0.000101, Null}
mytmp3 = 0
