time1 = {0.001661, Null}
time2 = {0.000014, Null}
time3 = {0.0001, Null}
time4 = {0.000092, Null}
mytmp3 = 0
