time1 = {0.001601, Null}
time2 = {0.000013, Null}
time3 = {0.000089, Null}
time4 = {0.000076, Null}
mytmp3 = 0
