time1 = {0.003586, Null}
time2 = {0.000018, Null}
time3 = {0.000125, Null}
time4 = {0.000086, Null}
mytmp3 = 0
