time1 = {0.003658, Null}
time2 = {0.000026, Null}
time3 = {0.000138, Null}
time4 = {0.000083, Null}
mytmp3 = 0
