time1 = {0.002447, Null}
time2 = {0.000017, Null}
time3 = {0.000158, Null}
time4 = {0.000098, Null}
mytmp3 = 0
