time1 = {0.002943, Null}
time2 = {0.000022, Null}
time3 = {0.000221, Null}
time4 = {0.000103, Null}
mytmp3 = 0
