time1 = {0.003607, Null}
time2 = {0.000022, Null}
time3 = {0.000129, Null}
time4 = {0.000088, Null}
mytmp3 = 0
