time1 = {0.00163, Null}
time2 = {0.000018, Null}
time3 = {0.000116, Null}
time4 = {0.000088, Null}
mytmp3 = 0
