time1 = {0.003597, Null}
time2 = {0.000025, Null}
time3 = {0.000129, Null}
time4 = {0.000093, Null}
mytmp3 = 0
