time1 = {0.001685, Null}
time2 = {0.000016, Null}
time3 = {0.000101, Null}
time4 = {0.000079, Null}
mytmp3 = 0
