time1 = {0.001591, Null}
time2 = {0.000014, Null}
time3 = {0.0001, Null}
time4 = {0.000083, Null}
mytmp3 = 0
