time1 = {0.003241, Null}
time2 = {0.000027, Null}
time3 = {0.000239, Null}
time4 = {0.000097, Null}
mytmp3 = 0
