time1 = {0.003593, Null}
time2 = {0.00002, Null}
time3 = {0.000122, Null}
time4 = {0.000075, Null}
mytmp3 = 0
