time1 = {0.001722, Null}
time2 = {0.000017, Null}
time3 = {0.000116, Null}
time4 = {0.000105, Null}
mytmp3 = 0
