time1 = {0.001701, Null}
time2 = {0.000016, Null}
time3 = {0.000113, Null}
time4 = {0.000088, Null}
mytmp3 = 0
