time1 = {0.001595, Null}
time2 = {0.000012, Null}
time3 = {0.000084, Null}
time4 = {0.000081, Null}
mytmp3 = 0
