time1 = {0.003716, Null}
time2 = {0.000019, Null}
time3 = {0.000135, Null}
time4 = {0.000084, Null}
mytmp3 = 0
