time1 = {0.003356, Null}
time2 = {0.000027, Null}
time3 = {0.000286, Null}
time4 = {0.000117, Null}
mytmp3 = 0
