time1 = {0.001624, Null}
time2 = {0.000014, Null}
time3 = {0.000228, Null}
time4 = {0.000133, Null}
mytmp3 = 0
