time1 = {0.003754, Null}
time2 = {0.000021, Null}
time3 = {0.000152, Null}
time4 = {0.000103, Null}
mytmp3 = 0
