time1 = {0.001597, Null}
time2 = {0.000012, Null}
time3 = {0.000085, Null}
time4 = {0.000079, Null}
mytmp3 = 0
