time1 = {0.003587, Null}
time2 = {0.00002, Null}
time3 = {0.000112, Null}
time4 = {0.000078, Null}
mytmp3 = 0
