time1 = {0.001668, Null}
time2 = {0.000013, Null}
time3 = {0.000089, Null}
time4 = {0.000098, Null}
mytmp3 = 0
