time1 = {0.001594, Null}
time2 = {0.000015, Null}
time3 = {0.000087, Null}
time4 = {0.000074, Null}
mytmp3 = 0
