time1 = {0.002591, Null}
time2 = {0.000017, Null}
time3 = {0.000132, Null}
time4 = {0.000097, Null}
mytmp3 = 0
