time1 = {0.003652, Null}
time2 = {0.00002, Null}
time3 = {0.000277, Null}
time4 = {0.000114, Null}
mytmp3 = 0
