time1 = {0.001598, Null}
time2 = {0.000013, Null}
time3 = {0.000097, Null}
time4 = {0.000097, Null}
mytmp3 = 0
