time1 = {0.002132, Null}
time2 = {0.000015, Null}
time3 = {0.000136, Null}
time4 = {0.0001, Null}
mytmp3 = 0
