time1 = {0.003726, Null}
time2 = {0.000019, Null}
time3 = {0.000148, Null}
time4 = {0.000103, Null}
mytmp3 = 0
