time1 = {0.003799, Null}
time2 = {0.000024, Null}
time3 = {0.000151, Null}
time4 = {0.00009, Null}
mytmp3 = 0
