time1 = {0.003347, Null}
time2 = {0.000021, Null}
time3 = {0.000286, Null}
time4 = {0.000113, Null}
mytmp3 = 0
