time1 = {0.003772, Null}
time2 = {0.000023, Null}
time3 = {0.000142, Null}
time4 = {0.00009, Null}
mytmp3 = 0
