time1 = {0.001604, Null}
time2 = {0.000012, Null}
time3 = {0.00009, Null}
time4 = {0.00007, Null}
mytmp3 = 0
