time1 = {0.003772, Null}
time2 = {0.000024, Null}
time3 = {0.000145, Null}
time4 = {0.000097, Null}
mytmp3 = 0
