time1 = {0.001587, Null}
time2 = {0.000013, Null}
time3 = {0.000111, Null}
time4 = {0.000084, Null}
mytmp3 = 0
