time1 = {0.002488, Null}
time2 = {0.000018, Null}
time3 = {0.00018, Null}
time4 = {0.00011, Null}
mytmp3 = 0
