time1 = {0.0018, Null}
time2 = {0.00002, Null}
time3 = {0.000138, Null}
time4 = {0.000098, Null}
mytmp3 = 0
