time1 = {0.003709, Null}
time2 = {0.000028, Null}
time3 = {0.000143, Null}
time4 = {0.000094, Null}
mytmp3 = 0
