time1 = {0.005758, Null}
time2 = {0.00002, Null}
time3 = {0.000135, Null}
time4 = {0.000083, Null}
mytmp3 = 0
