time1 = {0.001675, Null}
time2 = {0.000013, Null}
time3 = {0.000087, Null}
time4 = {0.000085, Null}
mytmp3 = 0
