time1 = {0.001631, Null}
time2 = {0.000014, Null}
time3 = {0.00009, Null}
time4 = {0.000076, Null}
mytmp3 = 0
