time1 = {0.001719, Null}
time2 = {0.000017, Null}
time3 = {0.000113, Null}
time4 = {0.000095, Null}
mytmp3 = 0
