time1 = {0.001644, Null}
time2 = {0.000024, Null}
time3 = {0.00011, Null}
time4 = {0.000085, Null}
mytmp3 = 0
