time1 = {0.00368, Null}
time2 = {0.000016, Null}
time3 = {0.000115, Null}
time4 = {0.000083, Null}
mytmp3 = 0
