time1 = {0.002197, Null}
time2 = {0.000015, Null}
time3 = {0.000184, Null}
time4 = {0.000094, Null}
mytmp3 = 0
