time1 = {0.001591, Null}
time2 = {0.000015, Null}
time3 = {0.000106, Null}
time4 = {0.000084, Null}
mytmp3 = 0
