time1 = {0.003655, Null}
time2 = {0.000023, Null}
time3 = {0.00014, Null}
time4 = {0.000085, Null}
mytmp3 = 0
