time1 = {0.001703, Null}
time2 = {0.000025, Null}
time3 = {0.000122, Null}
time4 = {0.000087, Null}
mytmp3 = 0
