time1 = {0.003776, Null}
time2 = {0.000022, Null}
time3 = {0.000142, Null}
time4 = {0.000081, Null}
mytmp3 = 0
