time1 = {0.00326, Null}
time2 = {0.000019, Null}
time3 = {0.000246, Null}
time4 = {0.000097, Null}
mytmp3 = 0
