time1 = {0.001636, Null}
time2 = {0.000015, Null}
time3 = {0.000096, Null}
time4 = {0.000079, Null}
mytmp3 = 0
