time1 = {0.00373, Null}
time2 = {0.000018, Null}
time3 = {0.00014, Null}
time4 = {0.000086, Null}
mytmp3 = 0
