time1 = {0.00164, Null}
time2 = {0.000014, Null}
time3 = {0.000111, Null}
time4 = {0.000105, Null}
mytmp3 = 0
