time1 = {0.003613, Null}
time2 = {0.000022, Null}
time3 = {0.000162, Null}
time4 = {0.000102, Null}
mytmp3 = 0
