time1 = {0.004024, Null}
time2 = {0.000023, Null}
time3 = {0.000322, Null}
time4 = {0.000099, Null}
mytmp3 = 0
