time1 = {0.001606, Null}
time2 = {0.000015, Null}
time3 = {0.0001, Null}
time4 = {0.000087, Null}
mytmp3 = 0
