time1 = {0.002278, Null}
time2 = {0.000035, Null}
time3 = {0.000235, Null}
time4 = {0.000102, Null}
mytmp3 = 0
