time1 = {0.003725, Null}
time2 = {0.000022, Null}
time3 = {0.000149, Null}
time4 = {0.000093, Null}
mytmp3 = 0
