time1 = {0.001636, Null}
time2 = {0.000014, Null}
time3 = {0.000092, Null}
time4 = {0.000075, Null}
mytmp3 = 0
