time1 = {0.003579, Null}
time2 = {0.000017, Null}
time3 = {0.000129, Null}
time4 = {0.000091, Null}
mytmp3 = 0
