time1 = {0.001717, Null}
time2 = {0.000022, Null}
time3 = {0.000121, Null}
time4 = {0.000094, Null}
mytmp3 = 0
