time1 = {0.003702, Null}
time2 = {0.000023, Null}
time3 = {0.000129, Null}
time4 = {0.000081, Null}
mytmp3 = 0
