time1 = {0.003074, Null}
time2 = {0.000019, Null}
time3 = {0.000221, Null}
time4 = {0.000105, Null}
mytmp3 = 0
