time1 = {0.003214, Null}
time2 = {0.000023, Null}
time3 = {0.000234, Null}
time4 = {0.000098, Null}
mytmp3 = 0
