time1 = {0.003601, Null}
time2 = {0.000022, Null}
time3 = {0.000123, Null}
time4 = {0.000084, Null}
mytmp3 = 0
