time1 = {0.002701, Null}
time2 = {0.000016, Null}
time3 = {0.000114, Null}
time4 = {0.000094, Null}
mytmp3 = 0
