time1 = {0.001642, Null}
time2 = {0.000015, Null}
time3 = {0.000104, Null}
time4 = {0.000083, Null}
mytmp3 = 0
