time1 = {0.001677, Null}
time2 = {0.000019, Null}
time3 = {0.000116, Null}
time4 = {0.000079, Null}
mytmp3 = 0
