time1 = {0.002428, Null}
time2 = {0.000018, Null}
time3 = {0.000158, Null}
time4 = {0.00009, Null}
mytmp3 = 0
