time1 = {0.001723, Null}
time2 = {0.000023, Null}
time3 = {0.000113, Null}
time4 = {0.000089, Null}
mytmp3 = 0
