time1 = {0.001606, Null}
time2 = {0.00002, Null}
time3 = {0.000107, Null}
time4 = {0.000085, Null}
mytmp3 = 0
