time1 = {0.002811, Null}
time2 = {0.000023, Null}
time3 = {0.000129, Null}
time4 = {0.000092, Null}
mytmp3 = 0
