time1 = {0.00164, Null}
time2 = {0.000016, Null}
time3 = {0.0001, Null}
time4 = {0.000079, Null}
mytmp3 = 0
