time1 = {0.002222, Null}
time2 = {0.000018, Null}
time3 = {0.000193, Null}
time4 = {0.000111, Null}
mytmp3 = 0
