time1 = {0.003593, Null}
time2 = {0.000021, Null}
time3 = {0.00011, Null}
time4 = {0.000076, Null}
mytmp3 = 0
