time1 = {0.0032, Null}
time2 = {0.000016, Null}
time3 = {0.000238, Null}
time4 = {0.000092, Null}
mytmp3 = 0
