time1 = {0.001624, Null}
time2 = {0.000016, Null}
time3 = {0.000103, Null}
time4 = {0.000083, Null}
mytmp3 = 0
