time1 = {0.003542, Null}
time2 = {0.000018, Null}
time3 = {0.00011, Null}
time4 = {0.000078, Null}
mytmp3 = 0
