time1 = {0.003634, Null}
time2 = {0.000019, Null}
time3 = {0.000112, Null}
time4 = {0.000087, Null}
mytmp3 = 0
