time1 = {0.002017, Null}
time2 = {0.000016, Null}
time3 = {0.000123, Null}
time4 = {0.000093, Null}
mytmp3 = 0
