time1 = {0.001573, Null}
time2 = {0.000013, Null}
time3 = {0.000101, Null}
time4 = {0.000099, Null}
mytmp3 = 0
