time1 = {0.003666, Null}
time2 = {0.000023, Null}
time3 = {0.000127, Null}
time4 = {0.000083, Null}
mytmp3 = 0
