time1 = {0.003851, Null}
time2 = {0.000018, Null}
time3 = {0.000129, Null}
time4 = {0.000084, Null}
mytmp3 = 0
