time1 = {0.001659, Null}
time2 = {0.000015, Null}
time3 = {0.000101, Null}
time4 = {0.000083, Null}
mytmp3 = 0
