time1 = {0.002484, Null}
time2 = {0.000018, Null}
time3 = {0.000159, Null}
time4 = {0.000102, Null}
mytmp3 = 0
