time1 = {0.003611, Null}
time2 = {0.000018, Null}
time3 = {0.000126, Null}
time4 = {0.000081, Null}
mytmp3 = 0
