time1 = {0.001585, Null}
time2 = {0.000013, Null}
time3 = {0.000094, Null}
time4 = {0.000086, Null}
mytmp3 = 0
