time1 = {0.00274, Null}
time2 = {0.000022, Null}
time3 = {0.000263, Null}
time4 = {0.000115, Null}
mytmp3 = 0
