time1 = {0.003238, Null}
time2 = {0.00002, Null}
time3 = {0.000211, Null}
time4 = {0.000108, Null}
mytmp3 = 0
