time1 = {0.003645, Null}
time2 = {0.000021, Null}
time3 = {0.000284, Null}
time4 = {0.000147, Null}
mytmp3 = 0
