time1 = {0.003576, Null}
time2 = {0.000021, Null}
time3 = {0.000118, Null}
time4 = {0.000078, Null}
mytmp3 = 0
